.Random.seed <-
c(403L, 380L, -1907079593L, 233580557L, 1417381962L, -301171075L, 
1237676708L, 3649975L, 654257752L, -815512548L, 1743840378L, 
1332773831L, 1184345085L, 1124544959L, -637087693L, 181961920L, 
-1854030690L, -1363479475L, -1261325411L, 1423787062L, 1844540970L, 
1750274445L, 1670381801L, -479096933L, -639918997L, 954146897L, 
1455314317L, -1693839464L, -1337954565L, -752255975L, -612027184L, 
1028113879L, 852542513L, -1918481823L, 1005482200L, -386859050L, 
-543424242L, -1206526710L, 636157673L, 1936991120L, -210459763L, 
-155220896L, -184284568L, 1873670732L, 1904726217L, 1539246727L, 
-56623809L, 470310956L, -1071055661L, 1970466443L, 1440300590L, 
478250283L, 1372424311L, 1374678556L, -1689163043L, 1767106718L, 
-1744948761L, 1870786777L, 92518667L, 664155475L, 2867722L, -280806675L, 
1415396183L, 1608898688L, 1993785121L, -863498806L, -315288923L, 
-1224309052L, 1633892367L, 1838703691L, -392861393L, -439199313L, 
-1997309187L, 71923604L, 138207623L, 2123447754L, -124168653L, 
1008966903L, 1667720324L, 1802409531L, 2097575056L, -1426750465L, 
334863718L, 2145866017L, -1116738184L, 1592549360L, 396471664L, 
-20442046L, -942726699L, -1648745525L, -2051977131L, -1588642835L, 
-808680412L, 1743125375L, -512763150L, 1105141524L, 1178358005L, 
-1200020848L, -1479194245L, -552741119L, -1622530896L, -1912290087L, 
1615940073L, -973150794L, 727006848L, -1390349045L, -242175162L, 
1310014743L, -1664419242L, 451309430L, -676124985L, -643646670L, 
-2013393682L, 1878335060L, 1929177366L, -325200442L, 1030725345L, 
144904913L, 2111257580L, -1453197987L, -1311266058L, 1725850757L, 
-1447815653L, 112359504L, 1311773136L, -1061369027L, -459415156L, 
464254620L, 693125313L, 28182895L, -349598932L, 402360493L, -869042584L, 
-1773261323L, 1075929790L, -793965761L, -1087236099L, 205408417L, 
1435081921L, -555130474L, -1568163948L, 1025614377L, -763394402L, 
-128551418L, -1362595468L, -760953530L, -287505451L, -625644160L, 
1046270680L, -1630158714L, 1800445651L, -1592888796L, 2079556187L, 
769677386L, 629570017L, 1550325887L, -569897591L, 1030004151L, 
-367384306L, 1428412910L, -1415428598L, -398902821L, -671516809L, 
-1140616835L, -178606121L, 1582219999L, 1684567333L, -1410811181L, 
30181141L, 1037157339L, -1406644570L, 1544812611L, 1415797990L, 
-306046158L, 1834704115L, 445702538L, -1426137848L, 1091255710L, 
1583149438L, -640356743L, 1297547016L, -1026224808L, -480158730L, 
-1014233148L, 1808819048L, -230078972L, 1290610522L, 1058593041L, 
723084470L, 495701699L, 1942280567L, -390733961L, -1373933661L, 
-310089406L, -1130280342L, -1750652791L, -1322229315L, -748218418L, 
-1468051157L, 1822037701L, -228738025L, -619914361L, -1459666442L, 
-1839197584L, 487965661L, -310593208L, -224115646L, 651480168L, 
440332963L, 1518755745L, 28758711L, 1113871717L, -1836428823L, 
-1131435993L, 1127725768L, -1416465125L, 626060652L, 1250040229L, 
438412908L, -590370890L, -908319424L, 2064828682L, 1986826857L, 
-131608473L, 1971405271L, -163765976L, 772877641L, 1234535825L, 
-1313213271L, 53811809L, 799557348L, -637941919L, -43538240L, 
-1951598765L, -269046057L, -718179165L, 635503931L, 1983352094L, 
1500250343L, -753596686L, -1133331959L, -1165132565L, 1290037695L, 
1265292591L, 1696352132L, 1167644073L, 528876105L, -1777725721L, 
1488442075L, -1338244551L, 1552271843L, 1830319828L, 313848653L, 
1696500522L, -1736741983L, 2016751962L, 1096383918L, -1782168518L, 
-2139265391L, -1720371846L, -147495454L, -796441897L, -2147027938L, 
1148587436L, 1255305920L, 1670709211L, 1314608806L, 1060992924L, 
1976132052L, 1007672506L, 1218455828L, -2132496L, -1285687149L, 
464973251L, 2067739980L, -752372793L, -262862619L, 827699924L, 
-1212801933L, -860134453L, -1262506805L, -122202340L, 1718179200L, 
266325908L, -1259617584L, 132280977L, 28929267L, -1476966659L, 
-2068312179L, -1899024239L, -1915195664L, 1049508721L, -1804546102L, 
-520427565L, -2095651174L, -845635209L, 1618985035L, -22883961L, 
-903545332L, -1567676782L, 1267205529L, -2124698586L, -912400744L, 
-892761411L, 1368458644L, 355387122L, 636978223L, 1435025589L, 
1907053157L, 995300570L, 1663345993L, -366567506L, -1927059175L, 
280898085L, 185140226L, 1989144707L, 3666630L, -1974150935L, 
-804549479L, 683569364L, -2143152476L, -1072871276L, 1165340095L, 
2023785681L, -2106796165L, 925016235L, 2039137776L, 1481052885L, 
-801797643L, 2071139593L, -2069127165L, 211715773L, -1844183946L, 
-1814388562L, 297387847L, -896659175L, 1273078865L, -815208193L, 
764371053L, -1725404791L, 1929198320L, 1539284630L, 1476111537L, 
682798397L, 141501626L, 606081731L, -1964206916L, -1949878290L, 
-509363586L, -1757359476L, -1851601120L, 254502488L, -477800271L, 
28174412L, -2003860887L, 1896613641L, 550584427L, -1828715181L, 
-1943720040L, -26706203L, -1183148467L, 767184392L, 654227815L, 
810185304L, 1319188621L, 1560740839L, 1490238918L, -257506404L, 
1247094897L, 47605189L, 1030232071L, 1934951241L, -37588980L, 
1778619104L, 1508735510L, -154360312L, -976990560L, -2032003000L, 
2094541151L, -1859913008L, -1344159762L, -602901368L, 309152781L, 
413092952L, -1429046935L, -1581023478L, -1408849318L, 1722837930L, 
1520033226L, -1049607304L, -864375907L, 925626117L, -996700454L, 
-1275600406L, -1650670591L, 1252419428L, -1199881086L, -1033910178L, 
-1625214037L, -10256605L, -1566535747L, -2028589728L, -1466979132L, 
886237333L, 192918285L, 1386417473L, -2002305939L, -1810431482L, 
-212849178L, -202513771L, -1909449928L, -704553221L, -1834173587L, 
288789988L, -2000906385L, -647707502L, 1449383281L, -273284214L, 
-375247027L, 2120519561L, -1394032364L, 418344716L, -242156358L, 
1487806328L, -660924534L, 1701088974L, 1815608433L, -34029531L, 
-198970442L, 1210792113L, 689485839L, 1183309818L, -1573725314L, 
206375591L, 1740756474L, 1348380107L, -224493497L, -1999103153L, 
-873447441L, 1474315621L, 1775121730L, -2114426597L, -5670034L, 
-1456418220L, 1159051369L, 1641753691L, 1887765310L, -721366814L, 
-1456666523L, 1560549680L, -2110480125L, -2006455660L, -639586244L, 
315697285L, 1213825462L, 1368621891L, 2000719138L, 2140188335L, 
1817079813L, -826810291L, -1926692562L, -19484057L, 1104874205L, 
-1450059086L, 439676323L, -1488371952L, 922013865L, -1477652534L, 
1366390687L, 1520632540L, -1054585113L, -751757045L, 1738126070L, 
-486191063L, -1462054046L, 1497911782L, -816659056L, -911725110L, 
-693664204L, -263093046L, -1824126025L, 1567930168L, 994167235L, 
-800961964L, 431776741L, 698345254L, -1354663398L, -1965041200L, 
-531955818L, 414173802L, 476479642L, -95401403L, 1995359670L, 
-1032498310L, 760197699L, -1477456826L, 1799812597L, -163805917L, 
1377033842L, -1681047495L, 128210236L, 1955393811L, 1288035108L, 
1839763703L, -1815400472L, 2054216821L, -284823421L, 1340935200L, 
1468195804L, -563304090L, -1206198615L, -1990039608L, -1029110295L, 
1019365588L, -488374017L, 884537176L, 823208487L, -38195601L, 
-934622399L, 1988286558L, -1308842335L, 1238513521L, 458691442L, 
-2088810666L, -1908502891L, -1253019310L, 325759159L, -360331234L, 
721112510L, 1151284055L, 2121517498L, -28418403L, -1896777264L, 
91407774L, -1800650693L, -1467039492L, -1659974345L, -1553124813L, 
-1258035677L, -1618305136L, 1348696602L, -1777451193L, -1060225706L, 
1248671836L, -32421132L, -1243484487L, 1415703380L, 1222172845L, 
-1369717176L, -1447003273L, 702870389L, -1242215588L, -789622825L, 
1657215030L, -2087166094L, 434842350L, -209488762L, 532120291L, 
-224635724L, -348935047L, -1098447077L, 602577396L, 510453565L, 
97265857L, 1762954247L, 1651839342L, -1946030728L, 171030795L, 
493451374L, 1303426257L, -21187957L, 859608739L, -708694140L, 
-1941021956L, 1999355067L, 617882217L, 254539586L, -69874717L, 
-706402303L, 816172606L, 1659822953L, 1947893067L, -1783173315L, 
-573252621L, -501405951L, 1799697409L, -1096998617L, 852426434L, 
-740752263L, -1314033189L, -1931704797L, 325540755L, -1626642036L, 
-625932462L, 455514876L, 1587680477L, -1773338246L, 152419871L, 
915094115L, -1113508965L, -469918508L, -1210273461L, 1507721435L, 
